fft para retrasados ------------------------------
i	j	k
0 8 4 12 2 10 6 14 1 9 5 13 3 11 7 15 0 1	0	0
0.000000 1.000000 0.000000 0.000000 0.000000 1.000000 0.000000 0.000000 0.000000 1.000000 0.000000 0.000000 0.000000 1.000000 0.000000 0.000000 
k=0	k+1=8
0.000000 1.000000 0.000000 0.000000 0.000000 1.000000 0.000000 0.000000 0.000000 1.000000 0.000000 0.000000 0.000000 1.000000 0.000000 0.000000 
-------------------------
1	2	0
0.000000 1.000000 0.000000 0.000000 0.000000 1.000000 0.000000 0.000000 0.000000 1.000000 0.000000 0.000000 0.000000 1.000000 0.000000 0.000000 
k=4	k+1=12
0.000000 1.000000 0.000000 0.000000 0.000000 1.000000 0.000000 0.000000 0.000000 1.000000 0.000000 0.000000 0.000000 1.000000 0.000000 0.000000 
-------------------------
1	4	0
0.000000 1.000000 0.000000 0.000000 0.000000 1.000000 0.000000 0.000000 0.000000 1.000000 0.000000 0.000000 0.000000 1.000000 0.000000 0.000000 
k=2	k+1=10
0.000000 1.000000 0.000000 0.000000 0.000000 1.000000 0.000000 0.000000 0.000000 1.000000 0.000000 0.000000 0.000000 1.000000 0.000000 0.000000 
-------------------------
1	6	0
0.000000 1.000000 0.000000 0.000000 0.000000 1.000000 0.000000 0.000000 0.000000 1.000000 0.000000 0.000000 0.000000 1.000000 0.000000 0.000000 
k=6	k+1=14
0.000000 1.000000 0.000000 0.000000 0.000000 1.000000 0.000000 0.000000 0.000000 1.000000 0.000000 0.000000 0.000000 1.000000 0.000000 0.000000 
-------------------------
1	8	0
0.000000 1.000000 0.000000 0.000000 0.000000 1.000000 0.000000 0.000000 0.000000 1.000000 0.000000 0.000000 0.000000 1.000000 0.000000 0.000000 
k=1	k+1=9
0.000000 2.000000 0.000000 0.000000 0.000000 1.000000 0.000000 0.000000 0.000000 0.000000 0.000000 0.000000 0.000000 1.000000 0.000000 0.000000 
-------------------------
1	10	0
0.000000 2.000000 0.000000 0.000000 0.000000 1.000000 0.000000 0.000000 0.000000 0.000000 0.000000 0.000000 0.000000 1.000000 0.000000 0.000000 
k=5	k+1=13
0.000000 2.000000 0.000000 0.000000 0.000000 2.000000 0.000000 0.000000 0.000000 0.000000 0.000000 0.000000 0.000000 0.000000 0.000000 0.000000 
-------------------------
1	12	0
0.000000 2.000000 0.000000 0.000000 0.000000 2.000000 0.000000 0.000000 0.000000 0.000000 0.000000 0.000000 0.000000 0.000000 0.000000 0.000000 
k=3	k+1=11
0.000000 2.000000 0.000000 0.000000 0.000000 2.000000 0.000000 0.000000 0.000000 0.000000 0.000000 0.000000 0.000000 0.000000 0.000000 0.000000 
-------------------------
1	14	0
0.000000 2.000000 0.000000 0.000000 0.000000 2.000000 0.000000 0.000000 0.000000 0.000000 0.000000 0.000000 0.000000 0.000000 0.000000 0.000000 
k=7	k+1=15
0.000000 2.000000 0.000000 0.000000 0.000000 2.000000 0.000000 0.000000 0.000000 0.000000 0.000000 0.000000 0.000000 0.000000 0.000000 0.000000 
-------------------------
>>>>>>>>>>>>>>>>>>>>>>>>>>>>>>>>>>>>>>>>>>>>>>>>>>>>>>>
0 8 4 12 2 10 6 14 1 2	0	0
0.000000 2.000000 0.000000 0.000000 0.000000 2.000000 0.000000 0.000000 0.000000 0.000000 0.000000 0.000000 0.000000 0.000000 0.000000 0.000000 
k=0	k+1=4
0.000000 2.000000 0.000000 0.000000 0.000000 2.000000 0.000000 0.000000 0.000000 0.000000 0.000000 0.000000 0.000000 0.000000 0.000000 0.000000 
2	0	1
0.000000 2.000000 0.000000 0.000000 0.000000 2.000000 0.000000 0.000000 0.000000 0.000000 0.000000 0.000000 0.000000 0.000000 0.000000 0.000000 
k=8	k+1=12
0.000000 2.000000 0.000000 0.000000 0.000000 2.000000 0.000000 0.000000 0.000000 0.000000 0.000000 0.000000 0.000000 0.000000 0.000000 0.000000 
-------------------------
2	4	0
0.000000 2.000000 0.000000 0.000000 0.000000 2.000000 0.000000 0.000000 0.000000 0.000000 0.000000 0.000000 0.000000 0.000000 0.000000 0.000000 
k=2	k+1=6
0.000000 2.000000 0.000000 0.000000 0.000000 2.000000 0.000000 0.000000 0.000000 0.000000 0.000000 0.000000 0.000000 0.000000 0.000000 0.000000 
2	4	1
0.000000 2.000000 0.000000 0.000000 0.000000 2.000000 0.000000 0.000000 0.000000 0.000000 0.000000 0.000000 0.000000 0.000000 0.000000 0.000000 
k=10	k+1=14
0.000000 2.000000 0.000000 0.000000 0.000000 2.000000 0.000000 0.000000 0.000000 0.000000 0.000000 0.000000 0.000000 0.000000 0.000000 0.000000 
-------------------------
2	8	0
0.000000 2.000000 0.000000 0.000000 0.000000 2.000000 0.000000 0.000000 0.000000 0.000000 0.000000 0.000000 0.000000 0.000000 0.000000 0.000000 
k=1	k+1=5
0.000000 0.000000 0.000000 0.000000 0.000000 4.000000 0.000000 0.000000 0.000000 0.000000 0.000000 0.000000 0.000000 0.000000 0.000000 0.000000 
2	8	1
0.000000 0.000000 0.000000 0.000000 0.000000 4.000000 0.000000 0.000000 0.000000 0.000000 0.000000 0.000000 0.000000 0.000000 0.000000 0.000000 
k=9	k+1=13
0.000000 0.000000 0.000000 0.000000 0.000000 4.000000 0.000000 0.000000 0.000000 0.000000 0.000000 0.000000 0.000000 0.000000 0.000000 0.000000 
-------------------------
2	12	0
0.000000 0.000000 0.000000 0.000000 0.000000 4.000000 0.000000 0.000000 0.000000 0.000000 0.000000 0.000000 0.000000 0.000000 0.000000 0.000000 
k=3	k+1=7
0.000000 0.000000 0.000000 0.000000 0.000000 4.000000 0.000000 0.000000 0.000000 0.000000 0.000000 0.000000 0.000000 0.000000 0.000000 0.000000 
2	12	1
0.000000 0.000000 0.000000 0.000000 0.000000 4.000000 0.000000 0.000000 0.000000 0.000000 0.000000 0.000000 0.000000 0.000000 0.000000 0.000000 
k=11	k+1=15
0.000000 0.000000 0.000000 0.000000 0.000000 4.000000 0.000000 0.000000 0.000000 0.000000 0.000000 0.000000 0.000000 0.000000 0.000000 0.000000 
-------------------------
>>>>>>>>>>>>>>>>>>>>>>>>>>>>>>>>>>>>>>>>>>>>>>>>>>>>>>>
0 8 4 12 2 10 3	0	0
0.000000 0.000000 0.000000 0.000000 0.000000 4.000000 0.000000 0.000000 0.000000 0.000000 0.000000 0.000000 0.000000 0.000000 0.000000 0.000000 
k=0	k+1=2
0.000000 0.000000 0.000000 0.000000 0.000000 4.000000 0.000000 0.000000 0.000000 0.000000 0.000000 0.000000 0.000000 0.000000 0.000000 0.000000 
3	0	1
0.000000 0.000000 0.000000 0.000000 0.000000 4.000000 0.000000 0.000000 0.000000 0.000000 0.000000 0.000000 0.000000 0.000000 0.000000 0.000000 
k=8	k+1=10
0.000000 0.000000 0.000000 0.000000 0.000000 4.000000 0.000000 0.000000 0.000000 0.000000 0.000000 0.000000 0.000000 0.000000 0.000000 0.000000 
3	0	2
0.000000 0.000000 0.000000 0.000000 0.000000 4.000000 0.000000 0.000000 0.000000 0.000000 0.000000 0.000000 0.000000 0.000000 0.000000 0.000000 
k=4	k+1=6
0.000000 0.000000 0.000000 0.000000 0.000000 4.000000 0.000000 0.000000 0.000000 0.000000 0.000000 0.000000 0.000000 0.000000 0.000000 0.000000 
3	0	3
0.000000 0.000000 0.000000 0.000000 0.000000 4.000000 0.000000 0.000000 0.000000 0.000000 0.000000 0.000000 0.000000 0.000000 0.000000 0.000000 
k=12	k+1=14
0.000000 0.000000 0.000000 0.000000 0.000000 4.000000 0.000000 0.000000 0.000000 0.000000 0.000000 0.000000 0.000000 0.000000 0.000000 0.000000 
-------------------------
3	8	0
0.000000 0.000000 0.000000 0.000000 0.000000 4.000000 0.000000 0.000000 0.000000 0.000000 0.000000 0.000000 0.000000 0.000000 0.000000 0.000000 
k=1	k+1=3
0.000000 0.000000 0.000000 0.000000 0.000000 4.000000 0.000000 0.000000 0.000000 0.000000 0.000000 0.000000 0.000000 0.000000 0.000000 0.000000 
3	8	1
0.000000 0.000000 0.000000 0.000000 0.000000 4.000000 0.000000 0.000000 0.000000 0.000000 0.000000 0.000000 0.000000 0.000000 0.000000 0.000000 
k=9	k+1=11
0.000000 0.000000 0.000000 0.000000 0.000000 4.000000 0.000000 0.000000 0.000000 0.000000 0.000000 0.000000 0.000000 0.000000 0.000000 0.000000 
3	8	2
0.000000 0.000000 0.000000 0.000000 0.000000 4.000000 0.000000 0.000000 0.000000 0.000000 0.000000 0.000000 0.000000 0.000000 0.000000 0.000000 
k=5	k+1=7
0.000000 0.000000 0.000000 0.000000 0.000000 4.000000 0.000000 4.000000 0.000000 0.000000 0.000000 0.000000 0.000000 0.000000 0.000000 0.000000 
3	8	3
0.000000 0.000000 0.000000 0.000000 0.000000 4.000000 0.000000 4.000000 0.000000 0.000000 0.000000 0.000000 0.000000 0.000000 0.000000 0.000000 
k=13	k+1=15
0.000000 0.000000 0.000000 0.000000 0.000000 4.000000 0.000000 4.000000 0.000000 0.000000 0.000000 0.000000 0.000000 0.000000 0.000000 0.000000 
-------------------------
>>>>>>>>>>>>>>>>>>>>>>>>>>>>>>>>>>>>>>>>>>>>>>>>>>>>>>>
0 8 4 12 2 4	0	0
0.000000 0.000000 0.000000 0.000000 0.000000 4.000000 0.000000 4.000000 0.000000 0.000000 0.000000 0.000000 0.000000 0.000000 0.000000 0.000000 
k=0	k+1=1
0.000000 0.000000 0.000000 0.000000 0.000000 4.000000 0.000000 4.000000 0.000000 0.000000 0.000000 0.000000 0.000000 0.000000 0.000000 0.000000 
4	0	1
0.000000 0.000000 0.000000 0.000000 0.000000 4.000000 0.000000 4.000000 0.000000 0.000000 0.000000 0.000000 0.000000 0.000000 0.000000 0.000000 
k=8	k+1=9
0.000000 0.000000 0.000000 0.000000 0.000000 4.000000 0.000000 4.000000 0.000000 0.000000 0.000000 0.000000 0.000000 0.000000 0.000000 0.000000 
4	0	2
0.000000 0.000000 0.000000 0.000000 0.000000 4.000000 0.000000 4.000000 0.000000 0.000000 0.000000 0.000000 0.000000 0.000000 0.000000 0.000000 
k=4	k+1=5
0.000000 0.000000 0.000000 0.000000 4.000000 4.000000 0.000000 4.000000 0.000000 0.000000 0.000000 0.000000 0.000000 0.000000 0.000000 0.000000 
4	0	3
0.000000 0.000000 0.000000 0.000000 4.000000 4.000000 0.000000 4.000000 0.000000 0.000000 0.000000 0.000000 0.000000 0.000000 0.000000 0.000000 
k=12	k+1=13
0.000000 0.000000 0.000000 0.000000 4.000000 4.000000 0.000000 4.000000 0.000000 0.000000 0.000000 0.000000 0.000000 0.000000 0.000000 0.000000 
4	0	4
0.000000 0.000000 0.000000 0.000000 4.000000 4.000000 0.000000 4.000000 0.000000 0.000000 0.000000 0.000000 0.000000 0.000000 0.000000 0.000000 
k=2	k+1=3
0.000000 0.000000 0.000000 0.000000 4.000000 4.000000 0.000000 4.000000 0.000000 0.000000 0.000000 0.000000 0.000000 0.000000 0.000000 0.000000 
4	0	5
0.000000 0.000000 0.000000 0.000000 4.000000 4.000000 0.000000 4.000000 0.000000 0.000000 0.000000 0.000000 0.000000 0.000000 0.000000 0.000000 
k=10	k+1=11
0.000000 0.000000 0.000000 0.000000 4.000000 4.000000 0.000000 4.000000 0.000000 0.000000 0.000000 0.000000 0.000000 0.000000 0.000000 0.000000 
4	0	6
0.000000 0.000000 0.000000 0.000000 4.000000 4.000000 0.000000 4.000000 0.000000 0.000000 0.000000 0.000000 0.000000 0.000000 0.000000 0.000000 
k=6	k+1=7
0.000000 0.000000 0.000000 0.000000 4.000000 4.000000 4.000000 4.000000 0.000000 0.000000 0.000000 0.000000 0.000000 0.000000 0.000000 0.000000 
4	0	7
0.000000 0.000000 0.000000 0.000000 4.000000 4.000000 4.000000 4.000000 0.000000 0.000000 0.000000 0.000000 0.000000 0.000000 0.000000 0.000000 
k=14	k+1=15
0.000000 0.000000 0.000000 0.000000 4.000000 4.000000 4.000000 4.000000 0.000000 0.000000 0.000000 0.000000 0.000000 0.000000 0.000000 0.000000 
-------------------------
>>>>>>>>>>>>>>>>>>>>>>>>>>>>>>>>>>>>>>>>>>>>>>>>>>>>>>>
k=0	k+1=8
k=1	k+1=9
k=2	k+1=10
k=3	k+1=11
k=4	k+1=12
k=5	k+1=13
k=6	k+1=14
k=7	k+1=15
