fft para retrasados ------------------------------
0 8 4 12 2 10 6 14 1 9 5 13 3 11 7 15 
up=0	down=8	,order=0	,n=2
1.000000+i-0.000000
0.000000 0.707107 0.923880 1.000000 0.923880 0.707107 0.382683 0.000000 0.765367 0.707107 0.923880 1.000000 0.923880 0.707107 0.382683 0.000000 
JJJJJJJJJJJJJJJJJJJJJJJJJJJJJJ
up=4	down=12	,order=0	,n=2
1.000000+i-0.000000
0.000000 0.707107 0.923880 1.000000 0.000000 0.707107 0.382683 0.000000 0.765367 0.707107 0.923880 1.000000 1.847759 0.707107 0.382683 0.000000 
JJJJJJJJJJJJJJJJJJJJJJJJJJJJJJ
up=2	down=10	,order=0	,n=2
1.000000+i-0.000000
0.000000 0.707107 0.000000 1.000000 0.000000 0.707107 0.382683 0.000000 0.765367 0.707107 1.847759 1.000000 1.847759 0.707107 0.382683 0.000000 
JJJJJJJJJJJJJJJJJJJJJJJJJJJJJJ
up=6	down=14	,order=0	,n=2
1.000000+i-0.000000
0.000000 0.707107 0.000000 1.000000 0.000000 0.707107 0.000000 0.000000 0.765367 0.707107 1.847759 1.000000 1.847759 0.707107 0.765367 0.000000 
JJJJJJJJJJJJJJJJJJJJJJJJJJJJJJ
up=1	down=9	,order=0	,n=2
1.000000+i-0.000000
0.000000 0.000000 0.000000 1.000000 0.000000 0.707107 0.000000 0.000000 0.765367 1.414214 1.847759 1.000000 1.847759 0.707107 0.765367 0.000000 
JJJJJJJJJJJJJJJJJJJJJJJJJJJJJJ
up=5	down=13	,order=0	,n=2
1.000000+i-0.000000
0.000000 0.000000 0.000000 1.000000 0.000000 0.000000 0.000000 0.000000 0.765367 1.414214 1.847759 1.000000 1.847759 1.414214 0.765367 0.000000 
JJJJJJJJJJJJJJJJJJJJJJJJJJJJJJ
up=3	down=11	,order=0	,n=2
1.000000+i-0.000000
0.000000 0.000000 0.000000 0.000000 0.000000 0.000000 0.000000 0.000000 0.765367 1.414214 1.847759 2.000000 1.847759 1.414214 0.765367 0.000000 
JJJJJJJJJJJJJJJJJJJJJJJJJJJJJJ
up=7	down=15	,order=0	,n=2
1.000000+i-0.000000
0.000000 0.000000 0.000000 0.000000 0.000000 0.000000 0.000000 0.000000 0.765367 1.414214 1.847759 2.000000 1.847759 1.414214 0.765367 0.000000 
JJJJJJJJJJJJJJJJJJJJJJJJJJJJJJ
IIIIIIIIIIIIIIIIIIIIIIIIIIIIII
up=0	down=4	,order=0	,n=4
1.000000+i-0.000000
0.000000 0.000000 0.000000 0.000000 0.000000 0.000000 0.000000 0.000000 0.765367 1.414214 1.847759 2.000000 1.847759 1.414214 0.765367 0.000000 
up=8	down=12	,order=1	,n=4
0.000000+i-1.000000
0.000000 0.000000 0.000000 0.000000 0.000000 0.000000 0.000000 0.000000 2.000000 1.414214 1.847759 2.000000 2.000000 1.414214 0.765367 0.000000 
JJJJJJJJJJJJJJJJJJJJJJJJJJJJJJ
up=2	down=6	,order=0	,n=4
1.000000+i-0.000000
0.000000 0.000000 0.000000 0.000000 0.000000 0.000000 0.000000 0.000000 2.000000 1.414214 1.847759 2.000000 2.000000 1.414214 0.765367 0.000000 
up=10	down=14	,order=1	,n=4
0.000000+i-1.000000
0.000000 0.000000 0.000000 0.000000 0.000000 0.000000 0.000000 0.000000 2.000000 1.414214 2.000000 2.000000 2.000000 1.414214 2.000000 0.000000 
JJJJJJJJJJJJJJJJJJJJJJJJJJJJJJ
up=1	down=5	,order=0	,n=4
1.000000+i-0.000000
0.000000 0.000000 0.000000 0.000000 0.000000 0.000000 0.000000 0.000000 2.000000 1.414214 2.000000 2.000000 2.000000 1.414214 2.000000 0.000000 
up=9	down=13	,order=1	,n=4
0.000000+i-1.000000
0.000000 0.000000 0.000000 0.000000 0.000000 0.000000 0.000000 0.000000 2.000000 2.000000 2.000000 2.000000 2.000000 2.000000 2.000000 0.000000 
JJJJJJJJJJJJJJJJJJJJJJJJJJJJJJ
up=3	down=7	,order=0	,n=4
1.000000+i-0.000000
0.000000 0.000000 0.000000 0.000000 0.000000 0.000000 0.000000 0.000000 2.000000 2.000000 2.000000 2.000000 2.000000 2.000000 2.000000 0.000000 
up=11	down=15	,order=1	,n=4
0.000000+i-1.000000
0.000000 0.000000 0.000000 0.000000 0.000000 0.000000 0.000000 0.000000 2.000000 2.000000 2.000000 2.000000 2.000000 2.000000 2.000000 2.000000 
JJJJJJJJJJJJJJJJJJJJJJJJJJJJJJ
IIIIIIIIIIIIIIIIIIIIIIIIIIIIII
up=0	down=2	,order=0	,n=8
1.000000+i-0.000000
0.000000 0.000000 0.000000 0.000000 0.000000 0.000000 0.000000 0.000000 2.000000 2.000000 2.000000 2.000000 2.000000 2.000000 2.000000 2.000000 
up=8	down=10	,order=1	,n=8
0.707107+i-0.707107
0.000000 0.000000 0.000000 0.000000 0.000000 0.000000 0.000000 0.000000 4.000000 2.000000 0.000000 2.000000 2.000000 2.000000 2.000000 2.000000 
up=4	down=6	,order=2	,n=8
0.000000+i-1.000000
0.000000 0.000000 0.000000 0.000000 0.000000 0.000000 0.000000 0.000000 4.000000 2.000000 0.000000 2.000000 2.000000 2.000000 2.000000 2.000000 
up=12	down=14	,order=3	,n=8
-0.707107+i-0.707107
0.000000 0.000000 0.000000 0.000000 0.000000 0.000000 0.000000 0.000000 4.000000 2.000000 0.000000 2.000000 0.000000 2.000000 4.000000 2.000000 
JJJJJJJJJJJJJJJJJJJJJJJJJJJJJJ
up=1	down=3	,order=0	,n=8
1.000000+i-0.000000
0.000000 0.000000 0.000000 0.000000 0.000000 0.000000 0.000000 0.000000 4.000000 2.000000 0.000000 2.000000 0.000000 2.000000 4.000000 2.000000 
up=9	down=11	,order=1	,n=8
0.707107+i-0.707107
0.000000 0.000000 0.000000 0.000000 0.000000 0.000000 0.000000 0.000000 4.000000 4.000000 0.000000 0.000000 0.000000 2.000000 4.000000 2.000000 
up=5	down=7	,order=2	,n=8
0.000000+i-1.000000
0.000000 0.000000 0.000000 0.000000 0.000000 0.000000 0.000000 0.000000 4.000000 4.000000 0.000000 0.000000 0.000000 2.000000 4.000000 2.000000 
up=13	down=15	,order=3	,n=8
-0.707107+i-0.707107
0.000000 0.000000 0.000000 0.000000 0.000000 0.000000 0.000000 0.000000 4.000000 4.000000 0.000000 0.000000 0.000000 0.000000 4.000000 4.000000 
JJJJJJJJJJJJJJJJJJJJJJJJJJJJJJ
IIIIIIIIIIIIIIIIIIIIIIIIIIIIII
up=0	down=1	,order=0	,n=16
1.000000+i-0.000000
0.000000 0.000000 0.000000 0.000000 0.000000 0.000000 0.000000 0.000000 4.000000 4.000000 0.000000 0.000000 0.000000 0.000000 4.000000 4.000000 
up=8	down=9	,order=1	,n=16
0.923880+i-0.382683
0.000000 0.000000 0.000000 0.000000 0.000000 0.000000 0.000000 0.000000 8.000000 0.000000 0.000000 0.000000 0.000000 0.000000 4.000000 4.000000 
up=4	down=5	,order=2	,n=16
0.707107+i-0.707107
0.000000 0.000000 0.000000 0.000000 0.000000 0.000000 0.000000 0.000000 8.000000 0.000000 0.000000 0.000000 0.000000 0.000000 4.000000 4.000000 
up=12	down=13	,order=3	,n=16
0.382683+i-0.923880
0.000000 0.000000 0.000000 0.000000 0.000000 0.000000 0.000000 0.000000 8.000000 0.000000 0.000000 0.000000 0.000000 0.000000 4.000000 4.000000 
up=2	down=3	,order=4	,n=16
0.000000+i-1.000000
0.000000 0.000000 0.000000 0.000000 0.000000 0.000000 0.000000 0.000000 8.000000 0.000000 0.000000 0.000000 0.000000 0.000000 4.000000 4.000000 
up=10	down=11	,order=5	,n=16
-0.382683+i-0.923880
0.000000 0.000000 0.000000 0.000000 0.000000 0.000000 0.000000 0.000000 8.000000 0.000000 0.000000 0.000000 0.000000 0.000000 4.000000 4.000000 
up=6	down=7	,order=6	,n=16
-0.707107+i-0.707107
0.000000 0.000000 0.000000 0.000000 0.000000 0.000000 0.000000 0.000000 8.000000 0.000000 0.000000 0.000000 0.000000 0.000000 4.000000 4.000000 
up=14	down=15	,order=7	,n=16
-0.923880+i-0.382683
0.000000 0.000000 0.000000 0.000000 0.000000 0.000000 0.000000 0.000000 8.000000 0.000000 0.000000 0.000000 0.000000 0.000000 0.000000 8.000000 
JJJJJJJJJJJJJJJJJJJJJJJJJJJJJJ
IIIIIIIIIIIIIIIIIIIIIIIIIIIIII
